h =

    1.5551e-83
    5.2473e-52
    1.2871e-79
   7.8772e-102
   1.7109e-100
    3.1974e-69
   4.2949e-111
    9.5690e-74
   1.0427e-109
    3.3012e-75
    1.4649e-75
    6.9235e-60
   6.6544e-103
   9.9532e-116
    6.0811e-84
   1.1917e-101
    1.5611e-76
    8.8422e-71
   3.9501e-112
    1.7562e-75
    3.4018e-67
    7.9665e-97
    4.1438e-65
    5.5205e-54
    1.7757e-94
    1.5645e-88
    1.7469e-74
    7.2294e-75
    3.1303e-71
    5.0235e-74
    1.2682e-90
    2.2624e-87
    3.4501e-78
    1.2256e-83
    5.1265e-80
    8.3152e-70
   2.4762e-101
    7.1193e-99
    2.5658e-69
    6.3618e-81
    4.4989e-86
    8.2083e-64
    1.0748e-98
    8.8539e-72
    1.0694e-62
    5.7205e-73
    1.8892e-95
   1.6125e-118
   9.7651e-112
   1.5603e-117
   7.2969e-100
    8.0058e-97
    9.7155e-78
    3.5204e-68
    7.9649e-66
    3.2763e-74
   6.0345e-103
    6.5472e-98
    1.2745e-93
   4.7347e-100
   5.8340e-108
    6.8224e-57
    2.9322e-59
    7.4081e-57
    7.6385e-78
    2.5167e-65
   5.1466e-103
    4.1963e-67
   1.3305e-115
    1.0860e-82
    1.4877e-52
    2.5740e-96
   9.9562e-116
    1.7946e-90
    3.5966e-92
   6.1119e-107
    4.2095e-98
    1.7326e-88
    6.6397e-64
    1.5255e-73
   5.6805e-100
    1.3315e-81
    8.4109e-88
    2.8061e-77
   1.2308e-114
   8.2838e-105
    1.7505e-87
   4.7719e-112
   7.9833e-119
    3.0327e-76
   1.3056e-108
   5.1230e-116
    1.0188e-55
   8.9678e-107
    3.8261e-79
    5.2304e-79
    9.7394e-95
   1.3504e-103
    3.6895e-81
   5.7628e-111

a = 0
b =

   0
   0

